Wave,Plan,Actual,Cumulative Plan,Cumulative Actual
2020-06-11,1,,1,
2020-06-18,5,5.0,6,5.0
2020-06-25,4,4.0,10,9.0
2020-07-09,4,4.0,14,13.0
2020-07-15,6,6.0,20,19.0
2020-07-21,1,1.0,21,20.0
2020-07-29,31,,52,
2020-07-30,1,,53,
2020-08-04,1,,54,
2020-08-05,10,,64,
2020-08-14,3,,67,
2020-08-16,7,,74,
2020-08-19,5,,79,
2020-09-09,15,,94,
2020-09-16,12,,106,
2020-09-20,4,,110,
2020-09-23,17,,127,
2020-09-30,35,,162,
2020-10-07,5,,167,
2020-10-14,3,,170,
2020-10-21,2,,172,
