"Wave",Plan,Actual,Cumulative Plan,Cumulative Actual
2020-06-11,1,,1,
2020-06-18,4,4.0,5,4.0
2020-06-25,3,3.0,8,7.0
2020-07-09,5,5.0,13,12.0
2020-07-15,12,12.0,25,24.0
2020-07-21,3,3.0,28,27.0
2020-07-29,30,,58,
2020-07-30,3,,61,
2020-08-04,2,,63,
2020-08-05,13,,76,
2020-08-14,4,,80,
2020-08-16,9,,89,
2020-08-19,12,,101,
2020-09-09,14,,115,
2020-09-16,14,,129,
2020-09-20,4,,133,
2020-09-23,19,,152,
2020-09-30,41,,193,
2020-10-07,8,,201,
2020-10-14,4,,205,
2020-10-21,6,,211,
